9263.254775913247
9511.266174711149
9082.44925588992
9130.755683494966
9321.71317189452
9376.8886885611
9318.635229461786
9517.601352877908
9721.094560979176
9238.047065926316
9745.941255385824
9224.800165423594
9243.534171806366
9213.48263115945
9216.758445989954
9309.124197155705
9610.5894294486
9478.603374623131
9831.38620300552
9766.758655525548
9422.46809658982
9878.049589293656
9026.56576933918
9086.88435178724
9411.04388853496
9318.546191756053
9023.7633040074
9162.267492802044
9129.65929112183
9126.499037446965
9148.646301647881
9280.959015418193
9339.05965452692
9530.16623491642
9226.1748757192
9694.94463626673
9552.348802957864
9486.548102572491
9546.43323277689
9582.20267138645
9675.97572577975
9215.21240123151
9112.214599523255
9412.80488758524
9467.10755722141
9161.07877650751
9283.05369802565
9066.80907380341
9106.99320899308
9118.748609195534
9227.140844346492
9250.32216476099
9066.10251725871
9026.97914640063
8981.068366791256
9458.070958256041
9136.50774903053
9114.982247692174
9216.501650328257
9098.55148858534
